%YAML:1.0
CM1: !!opencv-matrix
   rows: 3
   cols: 3
   dt: d
   data: [ 6.8689887025600979e+002, 0., 3.2533840194466205e+002, 0.,
       6.8671737715085192e+002, 2.2547895292470182e+002, 0., 0., 1. ]
D1: !!opencv-matrix
   rows: 1
   cols: 5
   dt: d
   data: [ -8.3616508667575820e-002, 4.6900033485563247e-001,
       -1.6242849744473539e-002, 1.8059790139011335e-004,
       -1.7978943495078388e+000 ]
R:
   - !!opencv-matrix
      rows: 3
      cols: 1
      dt: d
      data: [ 1.6095535901534761e+000, 2.0044288114869055e+000,
          -1.8010693247962309e-001 ]
   - !!opencv-matrix
      rows: 3
      cols: 1
      dt: d
      data: [ 1.5796441892469362e+000, 1.9896602930659832e+000,
          -1.9472704208673308e-001 ]
   - !!opencv-matrix
      rows: 3
      cols: 1
      dt: d
      data: [ 1.5659533259201222e+000, 1.9970336680005170e+000,
          -2.0082985435773237e-001 ]
   - !!opencv-matrix
      rows: 3
      cols: 1
      dt: d
      data: [ 1.5562117509476456e+000, 1.9991627613501826e+000,
          -2.0514486848083446e-001 ]
   - !!opencv-matrix
      rows: 3
      cols: 1
      dt: d
      data: [ 1.5522597703759828e+000, 1.9932684817221433e+000,
          -2.1444062560183802e-001 ]
   - !!opencv-matrix
      rows: 3
      cols: 1
      dt: d
      data: [ 1.5141809129212171e+000, 1.9047622007087488e+000,
          -3.0215325288182543e-001 ]
   - !!opencv-matrix
      rows: 3
      cols: 1
      dt: d
      data: [ 1.4863113488355901e+000, 1.7399771392074483e+000,
          -4.2324748288990716e-001 ]
   - !!opencv-matrix
      rows: 3
      cols: 1
      dt: d
      data: [ 1.5039341729047395e+000, 1.5890403427133515e+000,
          -6.0677828021725533e-001 ]
   - !!opencv-matrix
      rows: 3
      cols: 1
      dt: d
      data: [ 1.7863681562770326e+000, 1.8813010324654778e+000,
          -1.5147978494897207e+000 ]
   - !!opencv-matrix
      rows: 3
      cols: 1
      dt: d
      data: [ 1.7910657828696905e+000, 1.8862390774126259e+000,
          -1.5085484728616791e+000 ]
   - !!opencv-matrix
      rows: 3
      cols: 1
      dt: d
      data: [ 1.7808597683501255e+000, 1.8966714525482495e+000,
          -1.5199436229373733e+000 ]
   - !!opencv-matrix
      rows: 3
      cols: 1
      dt: d
      data: [ 1.7753327931313956e+000, 1.8978762766099349e+000,
          -1.5111107026244883e+000 ]
   - !!opencv-matrix
      rows: 3
      cols: 1
      dt: d
      data: [ 1.7793621992457662e+000, 1.9034094972071975e+000,
          -1.5007346681938551e+000 ]
   - !!opencv-matrix
      rows: 3
      cols: 1
      dt: d
      data: [ 1.7836218227159528e+000, 1.9025050301942208e+000,
          -1.4992073944868500e+000 ]
   - !!opencv-matrix
      rows: 3
      cols: 1
      dt: d
      data: [ -1.9951000817664437e+000, -2.0665617306776043e+000,
          -1.4914069689990536e-001 ]
T:
   - !!opencv-matrix
      rows: 3
      cols: 1
      dt: d
      data: [ -5.8117725181824014e+000, 2.3080149642579531e-001,
          2.0650865671317185e+001 ]
   - !!opencv-matrix
      rows: 3
      cols: 1
      dt: d
      data: [ -5.3929716263728595e+000, -3.1917822961356429e-001,
          2.0812971916572913e+001 ]
   - !!opencv-matrix
      rows: 3
      cols: 1
      dt: d
      data: [ -5.2983592595175706e+000, -4.3844777678324687e-001,
          2.0868259189791498e+001 ]
   - !!opencv-matrix
      rows: 3
      cols: 1
      dt: d
      data: [ -5.1919244465825152e+000, -5.4092588726278668e-001,
          2.0877378055019495e+001 ]
   - !!opencv-matrix
      rows: 3
      cols: 1
      dt: d
      data: [ -5.1641960565770493e+000, -5.6129210372253346e-001,
          2.0920836483363548e+001 ]
   - !!opencv-matrix
      rows: 3
      cols: 1
      dt: d
      data: [ -5.2313549392120207e+000, -2.4258598114745150e-001,
          2.1200778710222846e+001 ]
   - !!opencv-matrix
      rows: 3
      cols: 1
      dt: d
      data: [ -5.3894657799881474e+000, 7.6199074782281828e-001,
          2.1145385488211403e+001 ]
   - !!opencv-matrix
      rows: 3
      cols: 1
      dt: d
      data: [ -5.4493728516881470e+000, 2.4072333743